SAMPLE	MINERAL	GROUP	   Au    	   Pt    	   W     	   As    	   Se    	   Cu    	   Ni    	   Mn    	   Sb    	   Pb    	   S     	   Zn    	   Co    	   Fe    	   Te    	   Cd    	   Ag    	   Bi    	   Hg    
JB-0905-3_C1_Sulf-1-1 	ARSENOPYRITE	SULFIDE	0	0	0	44.327	0.189	0.055	0.028	0	0.055	0	19.032	0	0.007	34.373	0.005	0.016	0	0	0
JB-0905-3_C1_Sulf-1-2 	ARSENOPYRITE	SULFIDE	0	0.022	0.032	44.091	0.151	0.017	0	0.046	0.023	0	18.304	0.031	2.023	31.469	0	0	0.013	0	0
JB-0905-3_C1_Sulf-1-3 	ARSENOPYRITE	SULFIDE	0	0	0.037	43.432	0.134	0.028	0.072	0	0	0	18.666	0.007	2.157	31.143	0.002	0.047	0	0	0
JB-0905-3_C1_Sulf-1-4 	ARSENOPYRITE	SULFIDE	0.018	0	0.029	43.058	0.2	0.006	0	0	0.047	0	18.593	0.031	0.115	33.485	0.005	0	0	0	0
JB-0905-3_C1_Sulf-1-5 	ARSENOPYRITE	SULFIDE	0.006	0	0.01	40.983	0.149	0	0	0	0.023	0	19.877	0	0.129	33.713	0	0.011	0	0	0
JB-0905-3_C1_Sulf-2-1 	ARSENOPYRITE	SULFIDE	0	0	0.054	43.083	0.18	0	0.067	0	0.086	0	19.491	0.008	0.113	33.436	0.001	0	0	0	0
JB-0905-3_C1_Sulf-2-2 	ARSENOPYRITE	SULFIDE	0.087	0.007	0	42.638	0.143	0.039	0.095	0	0.157	0	19.323	0	0.017	33.156	0.008	0	0	0	0
JB-0905-3_C1_Sulf-2-3 	ARSENOPYRITE	SULFIDE	0.124	0	0	43.043	0.122	0	0.01	0	0.022	0	19.222	0	0.03	33.089	0.01	0.078	0	0	0
JB-0905-3_C1_Sulf-3-1 	ARSENOPYRITE	SULFIDE	0.049	0	0	45.592	0.131	0.05	0	0	0.005	0	18.376	0	1.512	32.007	0.052	0.035	0	0	0
JB-0905-3_C1_Sulf-3-2 	ARSENOPYRITE	SULFIDE	0	0	0.007	45.76	0.143	0.057	0.142	0	0.003	0.053	18.194	0	2.192	30.782	0.023	0.009	0	0	0
JB-0905-3_C1_Sulf-4-1 	ARSENOPYRITE	SULFIDE	0.014	0	0	44.905	0.196	0.032	0.506	0	0.052	0	19.444	0	0.009	33.244	0	0.042	0	0	0
JB-0905-3_C1_Sulf-4-2 	ARSENOPYRITE	SULFIDE	0.004	0.055	0	45.175	0.192	0.054	0	0	0.151	0	19.225	0	0.084	33.14	0	0.042	0	0	0
JB-0905-3_C1_Sulf-4-3 	ARSENOPYRITE	SULFIDE	0.07	0	0.116	43.44	0.126	0	0	0	0.008	0	19.934	0	0.262	33.284	0	0	0	0	0
JB-0905-3_C1_Sulf-5-1 	ARSENOPYRITE	SULFIDE	0.05	0.007	0.018	43.172	0.243	0.082	0.342	0	0.032	0	18.854	0	0.013	32.754	0.044	0.01	0	0	0
JB-0905-3_C1_Sulf-5-2 	ARSENOPYRITE	SULFIDE	0.001	0.006	0.046	42.595	0.209	0.042	0	0	0.051	0.023	19.359	0.007	0.082	33.476	0.04	0.001	0	0	0
JB-0905-3_C1_Sulf-5-3 	ARSENOPYRITE	SULFIDE	0.04	0.008	0.033	42.833	0.159	0.066	0.387	0	0.08	0.004	19.277	0	0.13	33.054	0	0	0	0	0
JB-0905-3_C1_Sulf-6-1 	ARSENOPYRITE	SULFIDE	0.034	0	0	42.37	0.181	0.048	0	0	0.028	0	20.001	0.034	0.33	33.647	0.024	0	0	0	0
JB-0905-3_C1_Sulf-6-2 	ARSENOPYRITE	SULFIDE	0	0	0.052	42.87	0.147	0.074	0	0	0.007	0	19.381	0	0.405	33.503	0.01	0.004	0	0	0
JB-0905-3_C1_Sulf-6-3 	ARSENOPYRITE	SULFIDE	0	0	0.002	42.258	0.136	0.064	0.133	0	0.021	0	19.893	0	1.211	32.368	0	0.017	0	0	0
JB-0906-11_C3_Sulf-1-13 	COBALTITE	SULFIDE	0.021	0	0.034	44.256	0.184	0.027	8.985	0	0.014	0	19.951	0	23.766	5.493	0	0.019	0.04	0	0
JB-0906-11_C3_Sulf-1-1 	COBALTITE	SULFIDE	0.015	0.019	0.039	45.756	0.151	0.008	13.374	0	0.018	0	19.148	0	18.816	7.42	0	0	0	0	0
JB-0906-11_C3_Sulf-1-2 	COBALTITE	SULFIDE	0.01	0	0.024	45.361	0.166	0.002	14.734	0	0	0	19.271	0.026	17.587	7.684	0	0.048	0	0	0
JB-0905-3_C1_Sulf-7-1 	PYRITE	SULFIDE	0	0	0	0.006	0.009	0.085	0.063	0	0.001	0	49.824	0	0	43.989	0	0	0	0	0
JB-0905-3_C1_Sulf-7-2 	PYRITE	SULFIDE	0	0.003	0.002	0.013	0.003	0.005	0.024	0	0.038	0	49.495	0.025	0	43.769	0	0	0	0	0
JB-0905-3_C1_Sulf-7-3 	PYRITE	SULFIDE	0.021	0	0.005	0.023	0	0.078	0	0	0	0	48.969	0.022	0	43.807	0	0	0	0	0
JB-0905-3_C1_Sulf-7-4 	PYRITE	SULFIDE	0.046	0	0.055	0	0	0.11	0	0	0	0	49.421	0.005	0	43.99	0	0.042	0	0	0
JB-0905-3_C1_Sulf-7-5 	PYRITE	SULFIDE	0.038	0	0.012	0	0	0.036	0.013	0	0	0	49.778	0.029	0	43.793	0	0.007	0	0	0
JB-0905-3_C1_Sulf-7-6 	PYRITE	SULFIDE	0.004	0	0.088	0.004	0.005	0.07	0.006	0	0	0	49.388	0	0	44.124	0	0.009	0	0	0
JB-0905-3_C1_Sulf-8-1 	PYRITE	SULFIDE	0	0	0	0.282	0	0.019	0.208	0	0.003	0	49.287	0.018	0.067	43.814	0	0	0	0	0
JB-0905-3_C1_Sulf-8-2 	PYRITE	SULFIDE	0.078	0	0.016	0	0	0.031	0.011	0	0	0	50.335	0	0	44.133	0.028	0.028	0	0	0
JB-0905-3_C1_Sulf-8-3 	PYRITE	SULFIDE	0	0	0.052	0	0	0.08	0	0	0	0	50.027	0.021	0	44.329	0	0	0	0	0
JB-0905-3_C1_Sulf-8-4 	PYRITE	SULFIDE	0	0	0.001	0	0.005	0.045	0	0	0	0	49.798	0	0	44.098	0	0	0	0	0
JB-0905-16_C1_Sulf-1-1 	PYRITE	SULFIDE	0.007	0	0.021	0.031	0.006	0.186	0.038	0	0	0	52.49	0.039	0.151	45.467	0	0.198	0	0	0
JB-0905-16_C1_Sulf-1-2 	PYRITE	SULFIDE	0.026	0	0	0.002	0.002	0.231	0.133	0	0	0	51.923	0.08	0.152	45.91	0.046	0.302	0	0	0
JB-0905-16_C1_Sulf-1-3 	PYRITE	SULFIDE	0	0	0.026	0.016	0.014	0.184	0.04	0	0	0	51.319	0.012	0	46.512	0.008	0.528	0	0	0
JB-0905-16_C1_Sulf-1-4 	PYRITE	SULFIDE	0	0	0.005	0.031	0	0.101	0.124	0	0	0	50.545	0	0	46.037	0	0.456	0	0	0
JB-0905-16_C1_Sulf-1-5 	PYRITE	SULFIDE	0.053	0	0.013	0.127	0.015	0.007	0.026	0	0.02	0	51.156	0.043	0	46.459	0.062	0.434	0	0	0
JB-0905-16_C1_Sulf-1-6 	PYRITE	SULFIDE	0	0	0.025	0.001	0.002	0.1	0.212	0	0	0	50.237	0	0	46.408	0.036	0.737	0	0	0
JB-0905-16_C1_Sulf-2-1 	PYRITE	SULFIDE	0	0	0	0.034	0.004	0	0	0	0	0	51.583	0	0.529	46.409	0.01	0.105	0	0	0
JB-0905-16_C1_Sulf-2-2 	PYRITE	SULFIDE	0	0	0	0.027	0	0.052	0	0	0	0	51.369	0.042	0.47	46.676	0	0.06	0	0	0
JB-0905-16_C1_Sulf-2-3 	PYRITE	SULFIDE	0	0	0	0.029	0.014	0	0.038	0	0	0	51.276	0.085	0.46	46.922	0	0.151	0	0	0
JB-0905-16_C2_Sulf-1-1 	PYRITE	SULFIDE	0	0	0	0.027	0	0.113	0.18	0	0.025	0	50.694	0.047	0	46.532	0	0.779	0	0	0
JB-0905-16_C2_Sulf-1-2 	PYRITE	SULFIDE	0	0	0	0.027	0	4.347	0.051	0	0	0	49.208	0.151	0	44.864	0.068	0.395	0	0	0
JB-0905-16_C2_Sulf-1-3 	PYRITE	SULFIDE	0.044	0	0	0.003	0.025	0.003	0.06	0	0	0	49.959	0	0	46.369	0.101	1.108	0	0	0
JB-0905-16_C2_Sulf-1-4 	PYRITE	SULFIDE	0	0	0.034	0.026	0.009	0.056	0	0	0	0	50.287	0.094	0.084	46.084	0.046	0.714	0	0	0
JB-0905-16_C2_Sulf-1-5 	PYRITE	SULFIDE	0.208	0.176	0.044	0.019	0	0.122	0.049	0	0.033	0	49.297	0.001	0	46.139	0.005	0.827	0	0	0
JB-0905-16_C2_Sulf-1-6 	PYRITE	SULFIDE	0	0.002	0	0.028	0	0.155	0.008	0	0.002	0	49.104	0.007	0	46.334	0.019	1.041	0	0	0
JB-0906-11_C1_Sulf-1-1 	PYRITE	SULFIDE	0	0.013	0.027	0.005	0.013	0.014	0.08	0	0	0	51.609	0.029	0	46.225	0.008	0.01	0	0	0
JB-0906-11_C1_Sulf-1-2 	PYRITE	SULFIDE	0	0.009	0.014	0.007	0	0.009	0	0	0.015	0	50.932	0.044	0	45.956	0.006	0.031	0	0	0
JB-0906-11_C1_Sulf-1-3 	PYRITE	SULFIDE	0.006	0	0.074	0.013	0.008	0.028	0.043	0	0	0	50.565	0	0.009	45.923	0.003	0.004	0	0	0
JB-0906-11_C1_Sulf-1-4 	PYRITE	SULFIDE	0	0	0	0.026	0.014	0	0	0	0	0	50.399	0.011	0	46.036	0	0.201	0	0	0
JB-0906-11_C1_Sulf-1-5 	PYRITE	SULFIDE	0	0	0	0.009	0.017	0	0.013	0	0	0	51.926	0.011	0	45.389	0.015	0	0	0	0
JB-0906-11_C1_Sulf-1-6 	PYRITE	SULFIDE	0	0	0	0.017	0	0.02	0	0	0.008	0	51.315	0	0	45	0	0	0	0	0
JB-0906-11_C3_Sulf-1-2 	PYRITE	SULFIDE	0	0	0	0.032	0.02	0	0.618	0	0	0	51.12	0.019	0	45.491	0	0.024	0	0	0
JB-0906-11_C3_Sulf-1-3 	PYRITE	SULFIDE	0	0	0	0	0.01	0.073	0.57	0	0	0	51.974	0.02	0	46.663	0	0.034	0	0	0
JB-0906-11_C3_Sulf-1-4 	PYRITE	SULFIDE	0.034	0.008	0.012	0.008	0.02	0.024	1.682	0	0	0	51.511	0.03	0	45.169	0.006	0	0	0	0
JB-0906-11_C3_Sulf-1-5 	PYRITE	SULFIDE	0	0	0.013	0.008	0.012	0.06	0.63	0	0	0	51.587	0.062	0	46.106	0	0.047	0	0	0
JB-0906-11_C3_Sulf-1-6 	PYRITE	SULFIDE	0	0	0	0.017	0	0.014	1.408	0	0	0	51.161	0	0.127	45.168	0	0.004	0	0	0
JB-0906-11_C3_Sulf-1-7 	PYRITE	SULFIDE	0	0	0.004	0	0	0.008	0.66	0	0.01	0	51.343	0.007	0	45.633	0	0.008	0	0	0
JB-0906-11_C3_Sulf-1-8 	PYRITE	SULFIDE	0	0	0	0	0.021	0.009	0.725	0	0.007	0	51.578	0.016	0	45.436	0.094	0.022	0	0	0
JB-0906-11_C3_Sulf-1-9 	PYRITE	SULFIDE	0.016	0	0	0	0.018	0.036	1.286	0	0	0	52.151	0.003	0	45.057	0.14	0.02	0	0	0
JB-0906-11_C3_Sulf-1-10	CHALCOPYRITE	SULFIDE	0	0	0	0	0.022	33.48	0	0	0	0	32.308	0	0.008	29.371	0.031	0.041	0	0	0
JB-0906-11_C3_Sulf-1-14	PYRITE	SULFIDE	0.003	0	0.041	0	0.007	0	0.628	0	0.011	0	52.36	0.019	0.022	45.053	0	0.01	0	0	0
JB-0906-11_C3_Sulf-1-15	PYRITE	SULFIDE	0	0	0	0.023	0.023	0	0.938	0	0.002	0	52.002	0	0.001	45.994	0	0.052	0	0	0
JB-0906-11_C3_Sulf-2-1 	PYRITE	SULFIDE	0	0	0	0.02	0.023	0	0.075	0	0.028	0	51.258	0.036	0	46.215	0.057	0.024	0	0	0
JB-0906-11_C3_Sulf-2-2 	PYRITE	SULFIDE	0	0	0.008	0.01	0.007	0	0	0	0	0	52.597	0	0	46.227	0	0.031	0	0	0
JB-0906-11_C3_Sulf-2-3 	PYRITE	SULFIDE	0	0	0	0.297	0.03	0.047	0.052	0	0	0	51.612	0	0.388	45.545	0	0.002	0	0	0
JB-0905-16_C1_Sulf-3-2 	CHALCOPYRITE	SULFIDE	0.012	0	0	0.007	0.026	35.361	0	0	0.014	0	33.326	0.134	0	29.836	0.015	0.003	0	0	0
JB-0905-16_C1_Sulf-3-3 	CHALCOPYRITE	SULFIDE	0	0	0.043	0.019	0.039	36.833	0	0	0	0	33.227	0.141	0	29.516	0.051	0.032	0	0	0
JB-0905-16_C1_Sulf-4-2 	CHALCOPYRITE	SULFIDE	0	0	0	0.027	0.028	30.936	0	0	0.009	0	30.63	0.842	0	29.478	0.006	0.105	0	0	0
JB-0906-11_C2_Sulf-1-1 	CHALCOPYRITE	SULFIDE	0.007	0	0.014	0.014	0.012	33.813	0	0	0	0	32.641	0	0	29.472	0	0.002	0	0	0
JB-0906-11_C2_Sulf-1-2 	CHALCOPYRITE	SULFIDE	0.05	0.004	0.007	0.036	0.016	33.731	0	0	0	0	32.993	0	0	29.722	0	0.001	0	0	0
JB-0906-11_C2_Sulf-1-3 	CHALCOPYRITE	SULFIDE	0	0	0	0.002	0	33.68	0	0	0.001	0	32.588	0.05	0	29.542	0.021	0	0	0	0
JB-0906-11_C2_Sulf-1-4 	CHALCOPYRITE	SULFIDE	0.005	0	0.095	0.021	0.014	34.023	0	0	0.011	0	32.616	0.004	0	29.578	0	0	0	0	0
JB-0906-11_C3_Sulf-1-1 	CHALCOPYRITE	SULFIDE	0.022	0	0.025	0.022	0.025	34.224	0	0	0	0	32.637	0	0.012	28.867	0.005	0.015	0	0	0
JB-0906-11_C3_Sulf-1-11 	CHALCOPYRITE	SULFIDE	0	0.016	0	0.017	0.011	33.448	0	0	0	0	32.997	0.034	0	29.707	0.057	0.009	0	0	0
JB-0905-16_C1_Sulf-3-1 	DIGENITE	SULFIDE	0	0	0	0	0.041	59.081	4.18	0	0.021	0	30.882	0.127	1.06	5.537	0.028	0.219	0.087	0	0
JB-0905-16_C1_Sulf-4-1 	DIGENITE	SULFIDE	0.007	0.011	0	0	0.026	60.326	1.549	0	0	0.018	30.265	9.146	0.17	3.465	0.006	0.251	0.041	0	0
JB-0906-11_C3_Sulf-1-12 	PYRRHOTITE	SULFIDE	0.005	0	0.01	0.01	0.005	0	2.487	0	0	0	37.213	0.015	0	56.538	0.002	0.045	0	0	0
44-5_C1_Sulf-1-1 	PYRITE	SULFIDE	0.056	0	0	0.005	0	0.007	0	0	0	0	51.318	0	0	46.031	0	0	0	0	0
44-5_C1_Sulf-1-2 	PYRITE	SULFIDE	0.031	0	0	0.011	0	0.047	0.097	0	0	0	51.575	0.003	0	46.415	0	0.016	0	0	0
44-5_C1_Sulf-1-3 	PYRITE	SULFIDE	0	0	0	0.026	0.009	0.013	0.117	0	0.003	0	51.01	0.031	0	46.384	0.028	0.096	0	0	0
44-5_C1_Sulf-1-4 	PYRITE	SULFIDE	0	0	0	0.002	0.002	0.061	0	0	0	0	51.361	0.02	0	46.135	0.015	0	0	0	0
44-5_C1_Sulf-1-5 	PYRITE	SULFIDE	0	0	0	0	0	0	0.17	0	0	0	51.236	0	0	45.559	0	0.012	0	0	0
44-5_C1_Sulf-1-6 	PYRITE	SULFIDE	0	0	0.042	0.014	0	0.005	0	0	0	0	51.234	0	0	46.249	0.025	0.046	0	0	0
47-6_C1_Sulf-1-1 	PYRITE	SULFIDE	0.021	0.001	0.008	0	0	0.009	0.096	0	0	0	47.471	0	0	44.79	0	2.11	0	0	0
47-6_C1_Sulf-1-2 	PYRITE	SULFIDE	0.001	0	0	0.004	0	0	0.033	0	0	0	53.295	0.019	0	46.206	0	0	0	0	0
47-6_C1_Sulf-2-1 	PYRITE	SULFIDE	0.009	0.021	0.061	0.001	0.012	0.038	0.109	0	0	0	50.301	0.022	0	47.063	0.005	0.669	0	0	0
47-6_C1_Sulf-2-2 	PYRITE	SULFIDE	0	0	0.004	0.009	0	0.06	0	0	0.005	0	49.078	0.006	0	46.298	0	1.061	0	0	0
47-6_C1_Sulf-3-1 	PYRITE	SULFIDE	0	0	0	0.001	0.003	0	0	0	0.001	0	53.232	0.006	0	46.777	0	0.006	0	0	0
47-6_C1_Sulf-3-2 	PYRITE	SULFIDE	0.027	0	0	0.023	0.015	0	0	0	0	0	52.107	0.039	0	46.945	0.006	0	0	0	0
47-6_C1_Sulf-3-3 	PYRITE	SULFIDE	0	0	0.044	0.018	0	0.078	0.077	0	0.013	0	47.811	0.058	0	45.954	0.047	1.213	0	0	0
47-6_C1_Sulf-4-1 	PYRITE	SULFIDE	0	0	0	0.003	0	0	0.187	0	0	0	52.503	0	0	46.664	0.001	0.012	0	0	0
47-6_C1_Sulf-4-2 	PYRITE	SULFIDE	0.007	0.038	0.03	0.001	0.003	0.027	0.003	0	0	0	52.104	0.054	0	47.184	0	0.023	0	0	0
47-6_C1_Sulf-4-3 	PYRITE	SULFIDE	0	0	0	0	0.005	0.032	0	0	0	0	51.958	0	0	46.441	0	0.061	0	0	0
DEN-642_C1_Sulf-3-1 	PYRITE	SULFIDE	0	0	0.013	0	0	0.027	4.246	0	0	0	50.463	0	0	45.135	0	0.036	0	0	0
DEN-642_C1_Sulf-3-2 	PYRITE	SULFIDE	0.017	0	0.053	0	0	0.039	0.477	0	0	0	47.419	0	0.012	42.518	0.036	0.018	0	0	0
DEN-642_C1_Sulf-3-3 	PYRITE	SULFIDE	0.007	0	0.01	0.004	0	0.009	0	0	0	0	49.985	0	0	43.972	0.045	0.005	0	0	0
DEN-642_C1_Sulf-3-4 	PYRITE	SULFIDE	0	0	0.027	0.008	0	0.086	0.019	0	0	0	50.934	0	0	44.32	0.041	0	0	0	0
DEN-642_C1_Sulf-3-5 	PYRITE	SULFIDE	0	0	0.004	0.031	0.02	0	0.489	0	0	0	49.863	0.011	0.034	43.862	0.053	0	0	0	0
DEN-642_C1_Sulf-6-1 	PYRITE	SULFIDE	0	0	0.013	0.008	0.006	0.008	0.479	0	0	0	49.106	0.03	0.052	43.973	0.097	0	0	0	0
DEN-642_C1_Sulf-6-2 	PYRITE	SULFIDE	0	0	0	0	0.01	0.222	0.866	0	0	0	50.374	0.041	0.015	43.681	0	0.006	0	0	0
DEN-642_C1_Sulf-6-3 	PYRITE	SULFIDE	0	0.033	0.021	0.008	0	0.057	0.269	0	0	0	48.693	0.041	0.044	43.389	0	0	0	0	0
DEN-642_C1_Sulf-6-4 	PYRITE	SULFIDE	0	0	0	0.005	0	0	0.431	0	0.018	0	49.337	0	0.036	43.59	0.014	0	0	0	0
DEN-642_C1_Sulf-2-1 	CHALCOPYRITE	SULFIDE	0.002	0	0	0	0.008	24.706	0.276	0	0.053	0.083	34.776	0.031	0.053	34.072	0.007	0	0	0	0
GUUD-205-11_C1_Sulf-1-1 	PYRITE	SULFIDE	0.006	0	0.021	0.003	0	0	0.031	0	0	0	52.415	0	0	46.268	0	0.058	0	0	0
GUUD-205-11_C1_Sulf-1-3 	PYRITE	SULFIDE	0	0	0.003	0.012	0.004	0	0.019	0	0.018	0	51.482	0.008	0	46.304	0	0	0	0	0
GUUD-205-11_C2_Sulf-1-1 	PYRITE	SULFIDE	0.015	0	0.03	0.024	0.008	0	0	0	0.024	0	51.43	0	0	46.6	0	0.032	0	0	0
GUUD-205-11_C2_Sulf-1-2 	PYRITE	SULFIDE	0.024	0	0.009	0.026	0	0	0	0	0.021	0	50.855	0	0	46.026	0	0.041	0	0	0
GUUD-205-11_C2_Sulf-2-2 	PYRITE	SULFIDE	0.049	0	0.013	0.015	0	0	0.048	0	0	0	51.345	0	0	46.24	0	0.027	0	0	0
GUUD-205-11_C3_Sulf-1-2 	PYRITE	SULFIDE	0.037	0	0	0.008	0.017	0.06	0	0	0	0	52.204	0.017	0.026	45.815	0	0.028	0	0	0
GUUD-205-11_C3_Sulf-1-3 	PYRITE	SULFIDE	0.001	0	0.057	0.019	0.042	0.015	0.013	0	0.011	0	51.41	0.04	0	46.179	0	0	0	0	0
GUUD-205-11_C1_Sulf-1-2 	PYRITE	SULFIDE	0.011	0	0	0	0.009	0	0	0	0	0	51.494	0	0	46.253	0.05	0.03	0	0	0
GUUD-205-11_C1_Sulf-1-4 	PYRITE	SULFIDE	0.057	0	0.046	0.009	0.016	0.03	0	0	0	0	52.173	0.021	0.009	46.735	0.056	0.023	0	0	0
GUUD-205-11_C1_Sulf-1-5 	PYRITE	SULFIDE	0	0	0	0	0	0.006	0	0	0.015	0	51.485	0	0	46.055	0.09	0	0	0	0
GUUD-205-11_C2_Sulf-2-1 	PYRITE	SULFIDE	0	0.002	0.013	0	0.013	0	0	0	0.032	0	51.212	0	0	45.714	0.004	0.011	0	0	0
GUUD-205-11_C3_Sulf-1-1 	PYRITE	SULFIDE	0	0	0	0	0	0	0.17	0	0	0	51.122	0	0.017	45.963	0	0.025	0	0	0
GUUD-205-11_C1_Sulf-2-1 	CHALCOPYRITE	SULFIDE	0	0	0	0	0	34.775	0	0	0	0	32.745	0	0	29.976	0	0.065	0	0	0
GUUD-205-11_C1_Sulf-2-2 	CHALCOPYRITE	SULFIDE	0	0	0	0	0.006	34.248	0	0	0.044	0	32.542	0	0	29.761	0.015	0	0	0	0
GUUD-205-11_C1_Sulf-2-3 	CHALCOPYRITE	SULFIDE	0	0	0.007	0.001	0.009	35.181	0	0	0	0	32.666	0	0	29.889	0.026	0.049	0	0	0
GUUD-205-11_C1_Sulf-2-4 	CHALCOPYRITE	SULFIDE	0	0	0.056	0	0.002	35.098	0	0	0.011	0	32.545	0.024	0	29.924	0	0.032	0	0	0
GUUD-206-14_C1_Sulf-3-1 	CHALCOPYRITE	SULFIDE	0	0	0.009	0	0.018	34.801	0	0	0	0	32.846	0.039	0	29.22	0.083	0	0	0	0
GUUD-206-14_C1_Sulf-3-2 	CHALCOPYRITE	SULFIDE	0	0	0	0.001	0	33.736	0.006	0	0.001	0	32.423	0.315	0	28.949	0	0.066	0	0	0
GUUD-206-14_C1_Sulf-4-1 	CHALCOPYRITE	SULFIDE	0	0	0.032	0	0.019	35.273	0	0	0.015	0	32.917	0.025	0	29.994	0	0	0	0	0
GUUD-206-14_C1_Sulf-8-1 	CHALCOPYRITE	SULFIDE	0.05	0	0	0	0.004	33.718	0	0	0.005	0	31.873	0.092	0	29.12	0.064	0.079	0.005	0	0
GUUD-206-14_C1_Sulf-9-1 	CHALCOPYRITE	SULFIDE	0.003	0	0	0.045	0	33.377	0	0	0	0	33.326	0.016	0	30.117	0.024	0	0	0	0
GUUD-206-14_C1_Sulf-9-2 	CHALCOPYRITE	SULFIDE	0	0	0.065	0.018	0.005	35.209	0	0	0	0	33.151	0.024	0	29.421	0.012	0.047	0	0	0
GUUD-206-14_C1_Sulf-11-1 	CHALCOPYRITE	SULFIDE	0	0	0	0.003	0.007	34.565	0	0	0	0	32.976	0.033	0	30.078	0.051	0.03	0	0	0
GUUD-206-14_C1_Sulf-11-2 	CHALCOPYRITE	SULFIDE	0	0.021	0.028	0.007	0	34.453	0	0	0	0	32.82	0.088	0	30.082	0.027	0	0	0	0
GUUD-206-14_C1_Sulf-1-1 	PYRRHOTITE	SULFIDE	0.039	0	0	0	0.011	0.001	0.576	0	0	0	36.648	0.054	0.223	58.504	0.04	0	0	0	0
GUUD-206-14_C1_Sulf-1-2 	PYRRHOTITE	SULFIDE	0	0.009	0	0.006	0	0.074	0.524	0	0.03	0	36.378	0.012	0.274	58.229	0.026	0.001	0	0	0
GUUD-206-14_C1_Sulf-1-3 	PYRRHOTITE	SULFIDE	0	0.025	0	0	0	0	0.444	0	0.007	0	36.749	0.046	0.274	58.517	0.007	0	0	0	0
GUUD-206-14_C1_Sulf-1-4 	PYRRHOTITE	SULFIDE	0	0	0	0.025	0	0.018	0.567	0	0.004	0	36.609	0.046	0.272	58.408	0	0.035	0	0	0
GUUD-206-14_C1_Sulf-1-5 	PYRRHOTITE	SULFIDE	0	0	0.009	0.007	0.023	0.022	0.319	0	0.01	0	36.633	0	0.253	58.526	0.039	0.029	0	0	0
GUUD-206-14_C1_Sulf-10-1 	PYRRHOTITE	SULFIDE	0	0	0.077	0.007	0.029	0	0.425	0	0	0	37.062	0.035	0.145	59.252	0.065	0.037	0	0	0
GUUD-206-14_C1_Sulf-10-2 	PYRRHOTITE	SULFIDE	0.01	0	0.02	0	0	0	0.471	0	0.009	0	37.023	0.023	0.149	58.868	0	0.07	0	0	0
GUUD-206-14_C1_Sulf-5-1 	PYRRHOTITE	SULFIDE	0	0	0	0.015	0.028	0	0.595	0	0	0	37.114	0.015	0.122	58.626	0	0.039	0	0	0
GUUD-207-6_C1_Sulf-1-1 	PYRRHOTITE	SULFIDE	0	0	0	0.028	0.004	0.048	0.068	0	0	0.003	38.845	0	0.071	59.29	0	0.017	0	0	0
GUUD-207-6_C1_Sulf-1-2 	PYRRHOTITE	SULFIDE	0.063	0	0	0	0.007	0	0.321	0	0	0	38.209	0	0.062	58.504	0	0.059	0	0	0
GUUD-207-6_C1_Sulf-1-3 	PYRRHOTITE	SULFIDE	0	0	0.023	0.009	0.009	0	0.217	0	0	0	37.687	0	0.065	58.663	0.051	0	0	0	0
GUUD-207-6_C1_Sulf-1-4 	PYRRHOTITE	SULFIDE	0	0	0	0.002	0.007	0	0.158	0	0	0	38.113	0.005	0.101	59.317	0	0.037	0	0	0
GUUD-207-6_C1_Sulf-1-5 	PYRRHOTITE	SULFIDE	0.056	0	0.005	0	0.007	0.112	0.386	0	0	0	38.172	0.015	0.074	59.082	0.025	0.058	0	0	0
GUUD-207-6_C1_Sulf-1-6 	PYRRHOTITE	SULFIDE	0	0.032	0.018	0	0.01	0.009	0.105	0	0	0	38.028	0.026	0.043	58.88	0	0.044	0	0	0
GUUD-207-6_C2_Sulf-1-1 	PYRRHOTITE	SULFIDE	0.01	0	0.045	0	0	0	0.034	0	0	0	38.105	0.023	0.039	59.598	0.002	0	0	0	0
GUUD-207-6_C2_Sulf-1-2 	PYRRHOTITE	SULFIDE	0	0.013	0.014	0.029	0.005	0	0.115	0	0	0	37.928	0	0.048	59.07	0	0	0	0	0
GUUD-207-6_C2_Sulf-1-3 	PYRRHOTITE	SULFIDE	0.083	0	0	0.003	0	0.037	0.085	0	0.001	0	37.728	0	0.101	59.097	0	0.014	0	0	0
GUUD-206-14_C1_Sulf-2-1 	SPHALERITE	SULFIDE	0.011	0	0.038	0.017	0.011	0.019	0	0	0	0	29.732	53.736	0.162	6.917	0.003	3.685	0.222	0	0
GUUD-206-14_C1_Sulf-6-1 	SPHALERITE	SULFIDE	0.056	0	0	0.02	0	0.006	0	0	0	0	29.885	53.608	0.134	7.108	0	4.286	0.273	0	0
GUUD-206-14_C1_Sulf-6-2 	SPHALERITE	SULFIDE	0.037	0	0.071	0	0.003	0.028	0	0	0	0	30.434	52	0.134	6.483	0	4.826	0.205	0	0
GUUD-206-14_C1_Sulf-7-1 	SPHALERITE	SULFIDE	0	0.008	0	0.004	0.008	0.104	0	0	0	0	30.143	54.019	0.145	7.252	0	4.177	0.238	0	0
GUUD-206-14_C1_Sulf-7-2 	SPHALERITE	SULFIDE	0	0.002	0	0	0	0.204	0	0	0	0	29.795	53.862	0.126	7.011	0	4.244	0.243	0	0
GUUD-206-14_C1_Sulf-12-1 	SPHALERITE	SULFIDE	0	0	0.002	0	0.028	0	0	0.001	0	0	29.958	53.986	0.165	7.392	0	3.656	0.198	0	0
